0
0
223
840
886
1065
1590
1725
1830
2036
2514
2613
3014
3382
3614
3910
3980
4701
4757
4903
5523
5861
5923
6199
6320
6606
6983
7094
7437
7625
7662
7719
8044
8115
8116
8204
8267
9035
9056
9230
9495
9521
10194
10321
10647
11234
11402
11914
12082
12533
12546
12637
12668
12888
12931
13110
13592
14032
14366
14524
14811
15016
15239
15349
15482
15916
15919
16112
16349
16883
17034
17034
17477
17628
17866
18225
18459
18475
18530
19032
19517
19909
19989
20151
20212
20256
20695
20993
21162
21221
21751
21928
22394
22441
22870
22940
23674
23702
23762
24273
24289
24310
24983
25125
25243
25522
25677
25810
26078
26604
27036
27094
27663
27678
28352
28530
28611
28748
28834
29044
29283
29849
30179
30226
30727
31106
31238
31660
31949
32430
32758
32791
32839
33183
33449
33577
33621
33652
34237
34266
34268
34696
34851
34889
34965
35473
35577
36111
36184
36607
36888
37235
37827
37843
38748
38777
38892
39030
39327
39472
40042
40174
40230
40301
40801
41065
41347
41410
41970
42147
42590
42674
42715
42886
43301
43385
43585
43658
43731
43839
44585
44617
45221
45262
45378
46070
46346
46404
46409
46802
46851
46941
47190
47934
47988
48526
48693
49142
49458
49987
50042
50128
50300
50493
50605
50808
51076
51231
51440
51759
51934
52477
52718
52762
53344
53537
53662
53676
53872
54024
54418
54475
54874
55099
55164
55570
55912
56113
56701
56865
57021
57088
57586
57632
57761
57950
58378
58684
59116
59325
59519
59702
59787
60177
60287
60349
60596
60670
60872
61013
61181
61651
61975
62336
62554
62626
62722
63048
63128
63392
63636
64070
64370
64511
64761
64957
65739
65745
66035
66421
66523
66579
66932
67256
67300
67731
67761
68190
68353
68501
69182
69437
69716
69976
70160
70486
70564
71356
71415
71737
72123
72131
72520
72774
73053
73068
73689
73937
74299
74653
74707
74929
75584
75750
75755
76109
76241
76472
76709
77066
77259
77809
77870
78327
78499
78814
78937
79413
79895
80223
80357
80865
81231
81283
81756
81826
82261
82647
83043
83172
83272
83354
83382
83412
84056
84218
84353
84882
85027
85506
85651
85928
86082
86211
86301
86340
86590
86972
87119
87239
87349
88005
88034
88122
88268
88590
88874
88880
88953
89765
89830
90265
90328
90531
90639
91325
91399
91465
91600
91942
92110
92373
92618
92924
93605
93830
93835
94035
94289
94504
94574
94794
94819
95606
95751
95807
96014
96277
96569
96725
96978
97010
97384
97398
97723
98302
98352
98473
98757
99103
99185
99588
100046
100357
100546
101324
101326
101900
102101
102658
102721
102796
103014
103080
103115
103989
104072
104096
104162
104635
104669
105166
105653
105789
105999
106106
106288
106626
106993
107126
107146
107552
107851
108249
108420
108644
108835
109356
109552
109876
110089
110599
110710
110936
111374
111478
111858
112031
112537
112541
112543
112987
113009
113110
113494
113713
113725
113957
114016
114259
114436
114474
114573
115276
115538
115906
115994
116384
116575
116920
116946
117381
117749
118129
118231
118847
118925
119692
119879
119933
119959
120005
120335
120736
120780
120842
121571
121720
122528
122574
122742
122754
123519
123539
123778
124516
124603
124821
125569
125761
125860
126710
126725
127091
127470
127762
127809
128368
128464
128602
128914
129293
129383
129527
129733
129793
130245
130553
130565
130589
130830
131198
131262
131314
131371
132177
132304
132430
132720
132841
133046
133181
133318
133583
133843
134034
134051
134477
134625
135064
135525
135818
136022
136080
136263
136408
136714
136743
137125
137181
137792
138151
138462
138849
138880
139584
139709
139760
139975
140161
140320
140690
140751
141380
141674
141677
142252
142549
142724
142809
143192
143399
143659
143844
144052
144154
144400
144800
144927
145038
145043
145145
145193
145251
145423
145546
145703
145733
145864
146436
146544
146662
147133
147510
147903
147925
148056
148168
148499
148604
148618
149297
149308
149764
149844
149911
150326
150763
150852
151328
151552
151610
151711
152488
152572
153402
153448
153518
154334
154420
154544
154609
154712
155052
155211
155224
155555
155730
156105
156332
156434
156558
156713
157170
157334
157843
158125
158344
158400
158562
158994
159476
159831
160284
160438
160774
160793
160904
161558
161708
162503
162616
162657
162883
162922
163371
163712
163770
164615
164646
164987
165169
165733
166101
166427
166807
167110
167129
167539
167583
167663
167918
167965
168037
168189
168788
168854
168928
169502
169639
170250
170266
170290
170596
170776
171062
171654
171923
172069
172675
172689
173298
173476
174080
174232
174859
174896
175058
175569
175646
176369
176478
176849
176884
177176
177225
177741
178027
178479
178496
178739
179155
179258
179378
179470
179584
179651
179733
180131
180132
180195
180595
181081
181492
181505
181810
182103
182733
182778
182896
183075
183548
183709
183964
184007
184659
184731
184823
185279
185283
185432
185556
186277
186503
186618
186951
187344
187360
187482
187662
187789
188312
188318
188827
188945
189494
189651
189656
190191
190274
190481
190867
190994
191768
191780
192437
192544
192685
193414
193587
193996
194054
194253
194280
194818
195004
195705
195984
196087
196295
196362
196770
196779
196829
196957
197158
197379
197421
197576
197586
197938
197966
198122
198541
198579
199464
199515
199693
200316
200318
200535
200712
200785
201066
201122
201405
201699
201837
201852
202143
202374
202612
203109
203358
203403
203455
203618
204038
204142
204164
204510
204705
205149
205176
205591
205633
205786
206130
206147
206229
206503
206704
206820
207212
207726
207928
208049
208126
208338
208554
209029
209252
209663
209987
210027
210081
210288
210472
210646
210819
211036
211060
211634
211895
212251
212413
212699
212770
212995
213132
213446
213524
213618
214170
214304
214854
215158
215614
215798
215878
216152
216374
216400
216490
216711
216836
216930
217130
217646
217887
218055
218421
218976
219120
219642
219783
220036
220516
220849
221275
221468
222207
222425
222591
222892
222937
223023
223306
223763
223871
224600
224821
225343
225357
225503
225865
226132
226616
226794
227167
227766
227857
228052
228732
228920
229194
229279
229396
229580
229867
230225
230239
230398
230539
231310
231411
232061
232261
232789
232804
233282
233632
233656
233868
234232
234393
234746
234768
234986
235303
235753
236131
236152
236163
236682
236950
237121
237763
237880
237904
238433
238524
239152
239491
239537
239697
240133
240681
240769
241122
241322
241614
241652
241901
241971
242174
242814
242895
242986
243519
243634
244299
244516
245202
245426
245466
246037
246231
246409
247092
247380
247611
247621
247742
247917
248328
248393
248627
248788
249090
249371
249797
249953
250129
250500
250859
251198
251463
251991
252402
