0
0
333
557
725
895
1409
1436
1685
2132
2331
2814
3100
3348
3462
3465
3614
4010
4269
4450
4508
5056
5262
5789
5898
5941
6136
6331
6467
7292
7416
7444
7674
7702
8393
8421
9098
9192
9349
9385
9411
9651
9778
9917
10407
10535
10761
11059
11218
11350
11862
11884
11901
11958
12007
12291
12406
12758
12841
12935
13334
13422
13703
13783
14082
14267
14792
14800
15544
15674
15911
16232
16261
16377
16831
17247
17473
17903
17948
18499
18751
19343
19427
19720
19881
20133
20490
20739
20990
21332
21590
21617
22090
22346
22613
22945
23418
23712
23842
23910
23963
24134
24227
24594
25076
25427
25491
25562
25854
26202
26285
26649
27210
27230
27641
27734
28312
28413
28431
28747
28794
28994
29180
29334
29936
30115
30342
30491
30812
30894
30961
31523
31644
32131
32286
32938
32944
33030
33257
33726
33944
34190
34675
34739
34892
34948
34972
35762
35953
36440
36637
36878
37309
37314
37413
37605
38318
38361
38651
38850
39332
39737
39791
40011
40562
40651
40659
41077
41315
41648
42008
42030
42076
42762
42890
43613
43641
43667
43730
44081
44566
44723
44822
44966
45007
45049
45374
45757
45866
45870
46249
46508
47030
47228
47770
47916
48431
48748
49096
49192
49205
49524
49819
49998
50154
50263
50625
50786
50942
51271
51441
51589
51652
51668
51902
52250
52711
52868
53189
53639
53823
54360
54483
54483
54691
54807
54977
55314
55425
55686
55903
56035
56185
57001
57017
57223
57298
57748
57910
58285
58406
58418
58721
59011
59299
59649
59726
59735
60135
60419
60878
61335
61545
61585
61786
61843
62192
62627
62841
63244
63722
63892
64597
64832
65510
65732
65768
65940
66649
66768
67113
67323
67504
67782
67830
68212
68358
68397
68498
68550
68921
69033
69046
69773
69791
70014
70057
70978
70990
71107
71110
71420
71712
71811
71840
71948
72595
72665
73528
73588
74127
74271
74451
74472
75138
75158
75922
75985
76088
76327
76333
76523
77137
77153
77725
77817
78061
78641
78738
78783
79110
79135
79230
79306
79586
79970
80035
80201
80211
80449
80893
80975
81100
81393
81808
81854
82106
82153
82209
82767
82820
83081
83093
83158
83352
83447
83456
83733
84215
84312
84572
84661
85223
85591
85863
85967
86479
86486
86598
86678
86887
87256
87314
87373
87554
87634
87656
88285
88595
89055
89162
89631
90042
90614
90872
91015
91287
91414
91681
91784
91930
92465
92816
92872
93309
93804
94013
94239
94373
94838
94908
95624
95700
96077
96415
96440
97005
97382
97842
98301
98598
98654
98691
98870
99321
99548
99558
99820
99855
100053
100168
100566
100941
101033
101145
101259
101889
102021
102046
102528
102648
102749
102849
102862
103063
103516
103809
104290
104307
104500
104812
104990
105222
105227
105494
105770
105984
106198
106496
107038
107472
107606
107767
108220
108463
108594
108706
108789
109381
109622
109667
110322
110508
110768
111005
111022
111483
111844
111958
112356
112821
112826
113151
113263
113411
113880
114039
114306
114362
114520
114603
114664
114963
114965
115184
115350
115899
116337
116508
116531
116608
116774
117011
117287
117957
118158
118169
118388
118697
118911
119031
119306
119868
119926
120385
120577
120735
121105
121154
121195
121471
121964
122423
122616
122698
123306
123502
123560
124055
124066
124208
124459
124500
124576
124859
125118
125252
125909
126062
126152
126248
127019
127043
127665
127782
128241
128322
128679
128856
129020
129494
129517
130093
130131
130921
131092
131107
131458
131896
132089
132112
132163
132217
132597
132848
133044
133129
133738
134022
134366
134625
135167
135170
136038
136051
136774
136913
137335
137378
137407
137982
138061
138147
138438
138580
138909
139450
139705
140113
140337
140991
141337
141799
141934
142133
142584
142634
143082
143431
143452
144120
144320
144437
144852
144925
144940
145498
145655
145842
146406
146541
146933
147260
147318
148079
148090
148657
148693
148872
148884
148888
148904
149052
149597
149670
150077
150085
150320
150992
151006
151207
151442
151837
151982
152080
152128
152213
152385
152874
152994
153144
153682
153923
154073
154175
154520
155087
155127
155212
155413
155421
156006
156134
156622
156974
157013
157059
157315
157576
157940
158223
158247
158400
158631
159332
159382
159714
160023
160415
160656
161344
161517
161876
162367
162505
162595
162694
162988
163187
163538
163840
164027
164289
164697
165166
165315
165683
166125
166132
166291
166402
166456
166672
166826
166967
167058
167242
167362
167711
167810
168027
168453
168853
169312
169425
169519
170162
170252
171105
171221
171320
171366
171549
171688
171978
172485
172527
173362
173482
173504
173647
173765
174070
174487
174661
174733
174736
175048
175177
175535
175603
175837
175917
176133
176379
176435
176464
176518
176984
177070
177683
177720
177908
178182
178247
178592
178841
178914
178944
179083
179713
180041
180430
180501
180713
180774
180888
180948
181606
181720
181851
182249
182250
182730
182770
182910
183265
183340
183344
183510
183785
184010
184159
184203
184259
184681
184831
184965
185449
185481
185648
185664
185775
185809
186030
186641
186764
186905
187245
187291
187605
187617
187861
188102
188185
188687
188820
189371
189810
189826
190042
190189
190633
190846
191088
191348
191379
192009
192211
192559
192711
193032
193150
193311
193357
193521
193673
193730
193932
194269
194561
194615
194658
194748
195199
195613
196140
196404
196440
196756
196882
196977
197025
197406
197961
197976
198006
198387
198840
198978
199031
199453
199490
199651
199974
200510
200513
201398
201421
201835
201980
202112
202874
202879
202884
203427
203487
203630
204195
204389
204805
205148
205548
205676
205728
206292
206704
207168
207328
207518
207688
207933
207965
208479
208697
208811
209375
209615
209898
209976
210282
210317
210317
210909
211218
211238
211733
212078
212202
212347
213013
213192
213634
213818
214209
214565
214692
215017
215156
215204
215221
215666
215683
216189
216374
216540
217339
217490
217694
217961
218328
218353
218586
218821
218851
219209
219435
219519
219968
220252
220745
220903
220976
221079
221502
221845
222156
222420
222621
223079
223463
223545
223546
223556
223771
223878
224138
224169
224277
224359
224757
224908
224925
225650
225674
225760
225890
225904
226505
226732
227233
227280
227572
227619
227927
228550
228746
228967
229269
229402
229756
230058
230211
230228
230804
230917
231186
231207
231281
231347
231546
231796
232295
232344
232592
232987
233330
233574
233979
234249
234374
234876
234915
235462
235615
236424
236549
236718
237309
237530
237701
238051
238153
238889
238954
239129
239760
239789
239793
239959
239992
240323
240652
240877
240903
241133
241163
241568
242154
242471
242700
243083
243336
243513
243621
244426
244471
245009
245332
245520
